-1.994386717705687762 0.000000000000000000
-1.504155321005795409 0.000237962205261510
0.332397786284281072 -1.793526111400332690
-1.101538521892866385 -1.465177079200214560
-0.883065119434323975 -0.740622587289683221
0.000000000000000000 -1.345144443979847448
-0.622262745654458493 -0.927802410073791162
-0.668392593935705936 -0.747436991680417995
-1.994386717705687762 -0.371707292503980824
0.999780741391707028 -1.495509272572655313
0.000000010661281968 -1.858536462519902344
-1.077846500121966811 -1.104179451804601531
0.286407936783828254 -1.281114653904689815
-0.501238057564829087 -1.121029374834844106
-0.546551135800800392 -0.978365309399771954
1.145963212025772560 -0.640742658988352254
1.023943737690170108 -0.892984036150069382
-0.689362427554464752 -1.849379081886468823
0.668392593717112460 -0.747436991435973752
0.286407936161002186 -1.281114651118762549
0.000000012239198321 -1.345144468856680930
-2.005207723037530698 0.000565149382521494
-1.329591145137125174 -0.371707292503980491
0.083960621207541219 -1.768498691960177283
-1.203484347608729799 -1.075972108683439732
-1.145963230265247823 -0.640742669186594060
-1.504155307835381317 -0.000237972018861082
1.203484398666605282 -1.075972095226185310
-0.664795572568562476 -1.793525973398391704
-1.229774287464700189 -1.040707715840518910
1.329591145137125174 -0.371707292503980546
1.329591145137124952 -0.743414585007961093
-0.000720272308180725 -2.689323338106349048
-1.801503848895298798 -0.547614394025370821
-1.329591145137125174 0.000000000000000000
-1.661988931421406246 -0.371707292503980380
