-0.548839539289474487
-0.159395763059082041
-0.817802717971215953
-1.543626225413624375
-0.262001896280644297
-0.055555572287411092
-0.207811864375910316
-0.101841439988148652
1.015704452991485596
-0.290956592525702162
-1.149253814280478680
-0.033072949782724098
0.120302505197229376
-0.099522194831320021
-0.007658786412572637
-0.142950535930305461
-0.936583903511466254
-0.066149482754504940
0.040101914517485598
-0.165301579932889964
-0.055555554329642369
-1.212684803604810346
-0.040437608957290649
0.991691311000401088
0.027656837843333348
0.090024139356802979
0.840245531558765690
1.483341740559293020
1.301026297841767709
1.213275914402372591
0.333077117800712585
-0.381004154682159424
1.888972330636013108
-0.399696367788096807
-0.141179472208023071
1.465722024440765381
