-0.770978198742708010 -1.528129980294141932
-0.770978198742708010 -1.156422687790161330
-0.770978198742708010 -1.156422687790161330
-1.435773771311270597 -0.784715395286180950
-0.770978198742708010 -0.784715395286180950
0.226215160110135788 -1.528129980294141932
-0.438580412458426716 -1.156422687790161330
0.226215160110135788 -1.156422687790161330
-0.438580412458426716 -0.784715395286180950
-0.438580412458426716 -1.156422687790161330
0.226215160110135788 -1.156422687790161330
0.226215160110135788 -1.156422687790161330
0.226215160110135788 -1.156422687790161330
1.555806305247260823 -1.156422687790161330
0.558612946394417054 -0.784715395286180950
1.223408518962979530 -0.784715395286180950
0.558612946394417054 -1.528129980294141932
0.558612946394417054 -0.784715395286180950
1.223408518962979530 -1.156422687790161330
-0.770978198742708010 -0.041300810278219906
-0.770978198742708010 -0.041300810278219906
-1.435773771311270597 0.330406482225760578
-1.103375985026989303 -0.413008102782200404
-1.435773771311270597 -0.413008102782200404
-1.103375985026989303 0.330406482225760578
-0.770978198742708010 -0.041300810278219906
-0.770978198742708010 -0.041300810278219906
-0.438580412458426716 -0.413008102782200404
-0.438580412458426716 0.330406482225760578
0.226215160110135788 0.330406482225760578
0.226215160110135788 -0.413008102782200404
-0.438580412458426716 -0.041300810278219906
-0.438580412458426716 0.330406482225760578
-0.106182626174145464 0.330406482225760578
-0.106182626174145464 -0.413008102782200404
1.223408518962979530 -0.413008102782200404
1.555806305247260823 0.330406482225760578
0.558612946394417054 0.330406482225760578
1.555806305247260823 -0.413008102782200404
1.223408518962979530 0.330406482225760578
1.223408518962979530 0.330406482225760578
1.223408518962979530 -0.041300810278219906
1.555806305247260823 0.330406482225760578
-1.435773771311270597 0.702113774729741125
-1.103375985026989303 0.702113774729741125
-0.770978198742708010 0.702113774729741125
-1.103375985026989303 1.445528359737701996
-1.103375985026989303 1.073821067233721616
0.226215160110135788 0.702113774729741125
0.226215160110135788 1.445528359737701996
0.226215160110135788 0.702113774729741125
-0.106182626174145464 1.073821067233721616
-0.438580412458426716 1.445528359737701996
-0.106182626174145464 1.445528359737701996
0.891010732678698347 1.445528359737701996
0.891010732678698347 1.073821067233721616
0.558612946394417054 0.702113774729741125
1.555806305247260823 1.073821067233721616
1.555806305247260823 0.702113774729741125
1.555806305247260823 1.073821067233721616
