0 0.066 0.007 1 1 1 1 1 13 15 17 , 1 3 5 7 9 , 39 , 27 30 33 36 , 24 45
0 0.11 0.007 1 1 0 0 1 1 4 7 10 13 , 16 19 22 25 36 39 42 , 28 32
0 0.11 0.007 1 1 0 0 1 10 20 26 32 , 39 42 45 48 51 54 57 , 1 5 60
0 0.075 0.007 1 1 0 1 1 1 6 11 16 21 26 52 , 41 43 50 , 45 , 31 36
0 0.077 0.007 1 1 1 0 0 1 5 9 13 17 43 47 , 21 25 29 31 33 36 , 39 41 ,
0 0.022 0.01 0 0 0 1 0 2 , 
0 0.023 0.003 0 1 0 1 1 7 , 1 10 , 3 5
0 0.026 0.007 1 1 0 0 1 7 10 17 20 23 26 29 32 35 38 41 , 3 5 55 57 59 61 , 44 48
-0.003 -1.682 -0.014 1 1 1 0 0 17 , 8 20 23 26 29 32 , 35 ,
0 -1.547 0 1 0 0 0 0 4 , 
0 0 0 0 0 0 0 0 ,