46 71 13 35 17 9 88 54 19 253 226 8 11 29 16 2 66 48 7 1 48 5 31 19 52 13 58 79 74 13 95 23 3 4 0 0 0 54 34 8 38 9 95 2 1 3 2 6 17 71 3 4 2 2 113 95 90 118 131 164 87 34 27 235 229 227 
39 62 3 71 85 68 67 33 71 147 4 97 27 14 66 68 6 3 15 7 5 60 55 84 26 18 63 53 89 40 46 46 12 7 0 0 0 60 94 90 41 88 37 4 4 4 1 1 74 68 6 4 2 2 209 209 211 113 95 90 244 245 249 182 157 149 
46 13 84 48 49 64 96 22 112 108 61 73 51 38 22 34 91 15 13 17 84 81 18 52 58 94 47 64 77 38 64 51 66 1 150 113 105 24 29 8 54 26 49 1 2 5 3 6 18 39 1 1 5 1 139 184 239 87 34 27 118 131 164 10 11 12 
23 88 40 98 41 59 46 61 229 94 65 54 42 78 76 5 10 85 39 75 5 99 12 25 9 42 14 99 59 69 75 73 45 6 75 66 111 52 95 28 89 48 135 3 4 1 2 7 52 53 6 1 4 1 144 129 119 190 183 178 139 184 239 38 47 72 
29 43 41 82 1 85 93 83 196 102 166 83 6 83 51 82 38 88 60 53 66 90 1 73 64 75 47 9 66 76 30 92 69 3 254 244 185 31 63 19 63 48 160 2 4 4 2 3 20 2 5 2 3 2 87 34 27 190 183 178 28 26 31 10 11 12 
10 83 98 69 38 84 53 11 175 49 65 62 74 24 95 44 6 52 35 13 60 81 41 2 89 43 76 94 22 86 32 32 8 7 83 88 128 88 61 76 48 44 80 1 7 3 2 1 76 73 1 1 4 1 182 157 149 56 89 122 190 183 178 239 207 172 
90 56 97 92 10 1 12 69 203 223 191 2 48 38 100 55 43 3 85 54 86 95 65 71 39 86 71 33 80 21 17 50 24 2 246 229 213 26 86 49 99 89 111 3 2 1 1 3 75 62 1 3 3 1 113 95 90 113 95 90 10 11 12 235 229 227 
15 67 51 78 48 76 93 19 150 92 235 84 38 22 31 27 51 68 15 49 12 80 46 36 9 15 23 76 4 7 38 27 12 3 254 244 185 70 82 95 14 96 145 1 6 1 2 2 15 40 6 4 3 1 118 131 164 38 47 72 244 245 249 10 11 12 
78 70 84 9 98 4 82 82 120 148 230 81 88 94 46 94 40 88 5 66 30 10 88 56 24 64 35 59 16 32 65 35 8 2 75 66 111 61 33 10 95 83 74 4 2 4 2 6 36 57 2 2 4 1 239 207 172 139 184 239 239 207 172 47 39 46 
42 66 48 98 34 4 80 0 30 151 70 70 72 17 62 15 64 11 75 56 73 74 78 56 14 85 17 65 98 19 34 23 57 8 150 113 105 2 61 71 3 95 208 1 3 1 2 2 43 80 2 3 5 1 190 183 178 47 39 46 76 67 69 235 229 227 
21 5 49 48 80 99 49 7 52 206 183 28 33 55 81 82 91 24 77 0 54 7 97 65 85 38 14 96 29 25 43 49 91 2 64 70 80 68 7 80 3 32 46 2 1 5 1 5 26 4 4 2 3 2 209 209 211 47 39 46 87 34 27 47 39 46 
44 16 44 66 92 19 67 80 208 174 106 37 78 100 4 10 100 28 80 68 38 44 13 58 38 32 56 98 43 48 55 5 42 5 48 63 70 78 39 16 38 86 234 3 7 4 3 2 71 16 1 2 3 1 87 34 27 235 229 227 10 11 12 76 67 69 
7 29 15 8 91 0 89 44 185 223 49 15 89 31 83 42 15 86 90 78 66 7 95 98 75 26 69 97 17 91 83 61 41 6 83 88 128 43 99 23 38 32 117 3 4 5 2 3 47 72 4 2 1 2 10 11 12 28 26 31 139 184 239 56 89 122 
40 62 93 90 76 41 41 22 41 218 55 96 35 25 51 24 83 95 66 84 31 36 98 62 51 71 19 47 53 17 22 1 5 6 48 63 70 21 56 38 65 65 28 2 1 5 3 4 76 76 1 2 2 1 118 131 164 239 207 172 190 183 178 190 183 178 
97 56 25 82 9 35 74 37 157 165 234 51 59 2 75 21 41 33 72 41 44 16 33 53 91 100 49 67 53 1 32 55 96 1 83 88 128 52 89 23 11 6 156 2 7 6 1 2 20 31 1 3 1 1 139 184 239 56 89 122 144 129 119 144 129 119 
97 32 62 13 5 15 28 56 6 188 17 80 66 73 41 38 49 33 45 82 8 68 3 1 86 69 95 9 51 84 94 29 28 3 170 61 69 37 25 50 71 30 250 4 7 6 1 6 16 22 1 4 5 2 244 245 249 28 26 31 10 11 12 139 184 239 
8 99 26 38 72 13 61 79 131 135 8 6 16 56 48 98 36 94 53 64 69 7 55 19 95 34 75 38 71 2 22 14 70 3 83 88 128 13 6 57 84 94 169 2 4 5 1 3 21 14 4 1 4 2 113 95 90 139 184 239 244 245 249 118 131 164 
39 37 35 70 97 72 62 41 253 9 45 52 40 56 14 47 63 42 71 60 94 80 3 53 46 95 4 0 43 10 98 15 31 1 83 88 128 49 62 65 6 100 250 1 1 5 1 5 10 66 2 1 3 2 113 95 90 10 11 12 113 95 90 244 245 249 
47 65 98 50 90 85 63 42 229 91 34 54 76 22 20 16 63 49 42 32 54 52 48 91 78 84 33 70 69 76 2 14 75 1 229 237 248 13 8 14 20 81 253 3 2 3 2 8 52 96 5 3 3 2 190 183 178 239 207 172 87 34 27 118 131 164 
42 6 60 15 93 17 71 1 103 239 48 14 67 59 40 77 1 80 90 20 1 90 98 38 60 45 44 69 38 30 42 75 82 6 150 113 105 66 67 84 15 82 54 3 6 6 3 2 0 11 1 3 1 2 139 184 239 190 183 178 38 47 72 76 67 69 
0 89 93 28 61 10 41 31 175 56 242 15 63 12 79 90 38 57 32 97 99 41 40 11 5 13 2 42 53 99 78 100 73 4 243 205 192 89 20 58 36 3 45 2 3 2 1 2 17 26 1 1 1 2 144 129 119 47 39 46 38 47 72 10 11 12 
39 90 70 4 59 12 98 61 18 164 27 35 33 53 41 64 9 24 83 15 26 61 68 2 9 83 82 67 28 58 74 84 13 6 229 237 248 98 99 21 25 78 133 3 2 4 1 1 80 43 5 4 5 1 190 183 178 244 245 249 87 34 27 76 67 69 
80 7 73 46 68 83 13 37 120 216 180 69 18 29 89 0 49 2 70 62 100 36 27 92 34 31 8 18 6 72 44 46 61 4 0 0 0 63 56 61 67 37 188 3 3 6 2 3 62 21 1 1 2 1 28 26 31 144 129 119 139 184 239 182 157 149 
37 1 64 37 95 38 7 43 14 143 124 87 86 6 27 19 49 91 29 57 53 45 18 14 11 9 98 61 24 18 39 10 92 3 0 0 0 35 18 90 42 30 54 1 6 5 3 2 0 4 7 4 4 1 113 95 90 28 26 31 235 229 227 244 245 249 
42 99 94 32 76 40 83 10 232 203 206 30 40 37 42 99 16 75 27 30 82 0 25 28 51 99 42 51 97 64 21 0 5 6 75 66 111 50 21 50 82 97 3 2 6 4 2 7 56 42 4 4 1 2 10 11 12 239 207 172 144 129 119 139 184 239 
25 78 5 23 53 3 96 7 79 113 197 23 43 66 56 52 11 34 87 54 35 9 63 91 57 30 99 82 89 87 15 93 26 6 229 237 248 56 91 48 81 37 249 2 7 2 2 2 58 53 1 1 5 2 190 183 178 113 95 90 87 34 27 38 47 72 
11 30 96 12 8 54 13 55 35 192 4 75 44 28 7 55 100 52 35 43 23 42 33 82 79 63 66 38 61 79 56 52 55 3 227 166 116 52 50 42 25 17 138 2 4 3 2 8 70 31 2 2 1 1 43 119 178 28 26 31 38 47 72 28 26 31 
52 97 39 20 45 11 52 10 79 85 254 87 34 43 70 69 89 90 72 45 50 52 73 93 30 48 54 63 45 70 24 83 5 4 150 113 105 86 82 40 70 50 189 2 4 4 1 8 63 7 2 4 3 2 182 157 149 239 207 172 144 129 119 87 34 27 
3 71 30 47 89 76 3 2 66 86 10 45 98 17 1 1 90 5 97 17 61 63 39 63 71 63 39 75 90 48 33 87 1 3 243 205 192 75 79 41 43 79 184 1 4 5 1 3 24 92 5 1 5 2 190 183 178 244 245 249 10 11 12 209 209 211 
14 91 60 26 63 71 12 25 5 165 152 83 55 88 40 13 94 99 3 5 60 98 97 6 96 64 16 89 86 13 92 59 22 3 227 166 116 89 20 62 50 6 155 1 4 3 2 6 67 32 4 3 3 2 244 245 249 209 209 211 139 184 239 118 131 164 
5 36 51 76 83 53 76 12 7 236 215 23 53 43 51 57 13 40 50 2 77 92 77 54 28 94 35 8 63 23 68 43 72 5 243 205 192 19 60 65 22 2 34 2 4 5 2 2 47 69 6 4 4 2 38 47 72 182 157 149 113 95 90 87 34 27 
98 64 48 1 71 6 73 95 197 229 12 59 3 43 15 65 71 90 81 83 2 90 13 12 21 55 37 96 81 10 54 33 0 5 48 63 70 12 43 11 28 50 94 4 1 4 3 5 78 6 4 1 4 1 239 207 172 209 209 211 182 157 149 56 89 122 
40 11 10 74 90 30 57 68 91 49 105 7 86 33 39 11 88 47 32 69 25 63 77 15 70 16 59 28 18 38 1 68 47 3 0 0 0 23 11 35 52 19 71 1 3 3 1 1 35 64 2 2 3 2 10 11 12 38 47 72 38 47 72 139 184 239 
90 89 97 39 8 45 49 94 225 175 41 41 92 56 91 23 82 26 15 44 52 85 83 76 33 88 48 13 80 54 62 83 78 7 64 70 80 46 2 31 77 52 101 1 7 6 3 6 46 56 1 4 3 2 113 95 90 87 34 27 10 11 12 87 34 27 
86 64 28 69 44 60 40 18 130 178 17 100 60 2 34 77 36 21 6 83 54 51 67 31 87 10 48 100 25 91 55 42 100 7 83 88 128 70 96 26 54 47 95 4 4 2 3 5 63 26 2 3 3 1 139 184 239 235 229 227 118 131 164 239 207 172 
0 61 48 84 17 62 53 13 254 109 163 9 8 33 93 1 32 15 68 81 47 82 9 26 21 43 40 96 83 97 96 84 72 6 150 113 105 88 10 11 95 73 14 4 3 3 1 4 97 87 2 3 4 1 118 131 164 10 11 12 10 11 12 182 157 149 
65 76 24 83 86 77 81 94 161 23 208 32 51 50 85 19 68 7 2 94 50 62 76 47 63 38 44 75 10 32 11 88 57 8 83 88 128 21 4 80 40 1 202 4 4 3 3 1 3 24 6 3 3 1 47 39 46 209 209 211 182 157 149 144 129 119 
25 49 1 81 92 67 9 81 161 50 154 34 89 50 76 1 1 85 63 13 41 81 26 45 74 55 34 41 6 64 59 73 100 1 229 237 248 98 3 67 63 29 108 3 4 1 1 8 50 72 3 2 3 2 38 47 72 190 183 178 28 26 31 139 184 239 
65 88 23 22 33 66 1 86 163 0 95 22 58 82 66 70 46 39 15 48 88 22 86 28 77 48 64 12 97 44 54 98 60 1 170 61 69 31 37 4 68 86 52 2 6 5 1 2 89 28 3 1 5 1 239 207 172 38 47 72 43 119 178 144 129 119 
99 35 1 75 44 24 4 2 202 64 247 32 28 47 69 81 4 53 66 31 4 70 22 31 21 18 31 71 49 26 58 72 79 2 246 229 213 84 84 99 68 95 102 1 2 3 3 3 51 75 1 3 5 1 113 95 90 209 209 211 244 245 249 244 245 249 
