4.28866225 -9.82979683 5.77724735
4.78093547 1.8374313 -7.40103835
0.30066749 0.02074143 -0.30364925
2.76002312 0.08751454 -3.18726629
-0.07863041 -0.34326649 0.25488287
1.01283776 -1.22811451 0.21515817
-0.05526456 0.00360914 0.3959957
-0.48365841 -0.14744736 -0.48466249
0.04694844 -0.34510468 -0.24683406
0.38152851 0.43521432 0.20052059
-0.27512196 0.38499672 -0.24605096
-0.22805954 0.36564499 0.46511051
0.29216567 -0.42696538 -0.43573637
-0.16460119 0.03981324 0.36336939
1.49729047 -3.83805657 2.60213125
-0.10243865 0.14075403 0.33934253
-6.61764164 -6.47013475 12.73101456
1.87876897 3.3302464 -5.62087539
0.18776941 -0.31753837 0.30050526
-0.04048161 -1.02719865 0.64404636
0.5901287 0.03581535 -0.48486242
1.27398931 0.20252239 -1.62119861
0.25368101 -0.14402688 -0.418486
-8.69192005 -6.29535406 14.7305724
-7.82511072 8.4688137 -0.9083989
0.61086995 -0.82378219 0.11519897
-0.52526344 -0.76722841 0.24102831
-9.58682046 -0.20309493 10.42828485
0.05575926 0.35835276 -0.28245019
0.37962338 -5.95027715 5.20248501
-1.374864 0.13426241 1.21491057
-0.33071277 0.38742637 0.13240473
-0.03361244 -0.06768662 -0.45284868
0.30929994 0.09146018 0.35044332
-0.31598562 0.10791187 -0.32983762
-0.03113048 -0.06502323 -0.46467266
-0.28930552 -0.34093309 0.18032789
-0.41424765 0.09169472 0.06981607
0.06386371 0.02545394 0.43632196
4.90131055 -2.55214739 -2.4671044
-0.28486517 -0.04715133 -0.42438044
-0.0850911 -0.08994191 -0.47894024
-7.30059114 15.22810204 -8.323835
4.92757264 -9.657879 4.20224561
-0.11782071 0.0570309 0.0713878
0.46157832 0.08888872 -0.31876912
0.25323683 0.25835048 -0.49530162
0.02291254 -0.54130646 0.71212444
-9.78152852 9.27539362 0.91211016
-0.07727877 0.34959427 0.201797
-0.19480415 0.0218676 0.25551781
-14.38159993 2.8800067 11.61640868
-0.52629982 0.81239601 -1.02123033
-0.03482035 0.96829593 -0.84687215
7.09467796 -7.90616632 0.72436912
-0.11786537 5.78373946 -5.81938754
-0.40429244 -0.39954867 -0.18466617
-0.18327398 0.20605819 -0.20840761
0.18457749 -0.11736386 0.08305306
-0.24474 -0.39120626 0.08539707
0.0802709 0.21335557 -0.43117509
0.08643067 -0.27903092 -0.0566474
-9.23619841 4.06781623 5.28277014
-0.07103132 -0.46471588 0.19612744
-0.07388763 1.58839179 -2.5033818
0.04304832 -0.03271434 -0.30858597
0.45535966 0.2146832 -0.35107987
-0.1605204 6.15106672 -7.00038162
-0.69649928 -0.21948696 0.67811962
7.46004306 -8.66274724 1.74730989
-0.35205756 0.16531576 0.26244887
-0.22937976 -0.20503088 -0.3556444
0.02624884 0.30382893 -0.135337
-0.42672733 0.418625 -0.64703271
-0.15023508 0.5342989 -0.55539561
-1.59938659 0.44396362 1.44616268
-4.33663497 -2.99082925 6.89859415
-0.43547565 5.20140069 -3.61570401
-0.30818303 0.18385568 -0.44805401
0.17700759 -0.22696155 -0.02035086
-9.20737661 3.06152855 5.79080847
0.09670047 0.89349334 -0.6388844
7.10683816 -4.14642469 -3.23504027
-0.56893788 0.25331635 -0.35289135
-0.15179117 -0.14987128 0.49683095
0.44615268 0.48272646 0.00212199
-0.82535502 -0.31039276 1.37642581
-2.70867733 -6.68861869 9.56782553
6.1968787 -9.40829158 4.03791575
-0.08587587 0.02364542 -0.09283768
-9.96003681 -0.91238889 11.1403544
-1.03548857 -6.21900142 7.40864713
0.36797563 0.00225995 -0.44606613
-1.03394226 0.03290178 -0.03736052
-0.33241943 0.17143509 0.0758507
-4.72376913 0.28104413 5.27437634
0.92433484 0.06974528 -0.61070723
-7.45413581 9.57609305 -1.95839392
0.29243088 -0.19328862 -0.12466622
0.68178927 0.4713572 -0.92261992
