Bottoms Dress Code Tops 
0.0 0.23076923076923078 0.06666666666666667 0.13043478260869565 0.5714285714285714 
0.0 0.1282051282051282 0.06666666666666667 0.30434782608695654 0.07142857142857142 
0.0 0.15384615384615385 0.4666666666666667 0.13043478260869565 0.07142857142857142 
1.0 0.0 0.0 0.0 0.0 
0.0 0.3076923076923077 0.3333333333333333 0.34782608695652173 0.14285714285714285 
0.0 0.15384615384615385 0.0 0.08695652173913043 0.07142857142857142 
0.0 0.02564102564102564 0.06666666666666667 0.0 0.07142857142857142 
Dress Code 
1.0 
Shoes Bottoms Dress Code Socks 
0.0 0.2 0.10526315789473684 0.0 0.2 0.0 0.2 0.4444444444444444 0.3333333333333333 0.2 0.2 1.0 0.5 0.125 0.5 0.2 0.2 1.0 0.2857142857142857 1.0 0.2 0.2 0.28 0.5 0.2 0.2 0.2 0.5 0.4 1.0 0.2 0.2 0.2 0.3333333333333333 0.2 
0.0 0.2 0.0 0.0 0.2 0.0 0.2 0.1111111111111111 0.3333333333333333 0.2 0.2 0.0 0.0 0.375 0.5 0.2 0.2 0.0 0.5714285714285714 0.0 0.2 0.2 0.16 0.0 0.2 0.2 0.2 0.0 0.0 0.0 0.2 0.2 0.2 0.6666666666666666 0.2 
0.0 0.2 0.0 0.0 0.2 0.0 0.2 0.0 0.0 0.2 0.2 0.0 0.25 0.0 0.0 0.2 0.2 0.0 0.0 0.0 0.2 0.2 0.0 0.0 0.2 0.2 0.2 0.0 0.0 0.0 0.2 0.2 0.2 0.0 0.2 
0.0 0.2 0.15789473684210525 0.0 0.2 0.0 0.2 0.1111111111111111 0.0 0.2 0.2 0.0 0.25 0.0 0.0 0.2 0.2 0.0 0.0 0.0 0.2 0.2 0.08 0.0 0.2 0.2 0.2 0.0 0.0 0.0 0.2 0.2 0.2 0.0 0.2 
1.0 0.2 0.7368421052631579 1.0 0.2 1.0 0.2 0.3333333333333333 0.3333333333333333 0.2 0.2 0.0 0.0 0.5 0.0 0.2 0.2 0.0 0.14285714285714285 0.0 0.2 0.2 0.48 0.5 0.2 0.2 0.2 0.5 0.6 0.0 0.2 0.2 0.2 0.0 0.2 
Socks Bottoms Dress Code 
0.047619047619047616 0.14285714285714285 0.0 0.0 0.0 0.0 0.0 
0.0 0.0 0.17647058823529413 0.0 0.0 0.0 0.0 
0.9047619047619048 0.6428571428571429 0.23529411764705882 0.1111111111111111 0.9259259259259259 0.2222222222222222 0.0 
0.047619047619047616 0.21428571428571427 0.47058823529411764 0.7777777777777778 0.07407407407407407 0.5555555555555556 1.0 
0.0 0.0 0.11764705882352941 0.1111111111111111 0.0 0.2222222222222222 0.0 
Tops Dress Code 
0.09 
0.39 
0.15 
0.23 
0.14 
